,timestamp,package_number,gesture_name,gesture_number,s1,s2,s3,s4,s5,s6,s7,s8
0,1449228208872,1,0,0,2,1,0,-3,-4,-2,-1,-2
1,1449228208872,1,0,0,-1,-1,2,3,2,0,-1,0
2,1449228208873,2,0,0,-1,0,-3,2,0,-1,-1,-3
3,1449228208873,2,0,0,-1,5,1,-1,-2,-2,2,-1
4,1449228208874,0,0,0,-1,-2,-4,-4,-3,-1,-3,-1
5,1449228208874,0,0,0,1,0,2,10,5,1,-1,-1
6,1449228208875,1,0,0,-2,-1,-3,-3,-3,-2,0,-1
7,1449228208875,1,0,0,-1,-1,1,-6,-3,0,1,2
8,1449228208921,2,0,0,-1,-1,1,2,1,2,0,0
9,1449228208921,2,0,0,1,0,0,-4,-2,-2,0,-2
10,1449228208922,3,0,0,-3,-2,-1,1,0,-3,-1,0
11,1449228208922,3,0,0,0,3,-3,-1,-1,0,-1,-3
12,1449228208922,1,0,0,0,1,1,-2,1,1,0,-2
13,1449228208922,1,0,0,1,-2,-1,-3,-5,-2,0,0
14,1449228208924,2,0,0,-2,1,2,5,1,-3,-2,2
15,1449228208924,2,0,0,0,-2,-3,-5,-3,-2,1,-3
16,1449228208970,3,0,0,0,2,-1,-1,1,1,-1,0
17,1449228208970,3,0,0,1,1,0,2,-2,-3,-2,0
18,1449228208971,0,0,0,0,-4,-2,-1,-3,0,-2,-2
19,1449228208971,0,0,0,0,0,0,-2,1,-3,-2,0
20,1449228208972,2,0,0,2,2,2,1,-3,-2,1,-3
21,1449228208972,2,0,0,-1,-3,1,0,1,0,-1,-2
22,1449228208972,3,0,0,-2,-4,0,-1,-2,-1,-2,-2
23,1449228208972,3,0,0,-1,3,1,1,1,-1,-2,-1
24,1449228209019,0,0,0,1,0,0,0,-2,-2,1,0
25,1449228209019,0,0,0,-1,-2,-2,-4,-4,-1,-2,0
26,1449228209019,1,0,0,-2,-1,-1,-1,-2,-1,-1,1
27,1449228209019,1,0,0,-1,-1,-1,-1,1,-1,-2,-3
28,1449228209020,3,0,0,1,0,2,-6,-6,-4,-1,-1
29,1449228209020,3,0,0,-2,-3,0,0,2,2,1,-1
30,1449228209021,0,0,0,-1,-3,4,7,4,1,1,0
31,1449228209021,0,0,0,-2,-5,-9,-7,-3,-3,-3,-1
32,1449228209067,1,0,0,-1,-1,-1,2,2,-2,-2,0
33,1449228209067,1,0,0,0,-1,-2,-5,-6,-4,-2,2
34,1449228209068,2,0,0,-1,-2,-1,2,0,2,0,-2
35,1449228209068,2,0,0,-1,-1,2,4,4,0,-1,0
36,1449228209069,0,0,0,-9,0,0,-6,-6,-1,-3,-2
37,1449228209069,0,0,0,-1,1,0,0,-1,-2,-1,0
38,1449228209070,1,0,0,1,-1,-4,-1,3,4,1,0
39,1449228209070,1,0,0,0,0,-2,-1,-2,-2,0,0
40,1449228209116,2,0,0,4,-4,-5,-4,-2,0,1,-1
41,1449228209116,2,0,0,-5,0,1,-2,-2,-2,-3,0
42,1449228209117,3,0,0,-4,-5,-4,-4,-4,-3,-2,-2
43,1449228209117,3,0,0,1,-2,-5,-3,2,2,-2,0
44,1449228209117,0,0,0,3,0,1,2,1,-1,0,-2
45,1449228209117,0,0,0,0,0,-1,-3,-1,-1,0,-1
46,1449228209119,1,0,0,2,0,2,1,-2,0,1,-2
47,1449228209119,1,0,0,-3,-1,2,1,1,-1,-1,-3
48,1449228209165,2,0,0,0,-3,-3,-3,-3,-3,-1,-1
49,1449228209165,2,0,0,1,-1,-3,3,0,3,2,0
50,1449228209166,3,0,0,-2,1,-3,-6,-2,-1,-1,-2
51,1449228209166,3,0,0,-2,1,0,0,-3,0,0,-1
52,1449228209166,1,0,0,-1,0,1,2,2,2,-1,0
53,1449228209166,1,0,0,-2,-2,-2,-4,-1,-1,0,0
54,1449228209167,2,0,0,1,1,0,-2,-4,0,0,0
55,1449228209167,2,0,0,-1,-2,-1,0,-3,-2,-1,-2
56,1449228209214,3,0,0,0,-2,-1,1,-1,-1,-2,-2
57,1449228209214,3,0,0,-2,0,3,-3,-5,-3,-3,-2
58,1449228209214,0,0,0,-3,0,2,1,5,2,0,0
59,1449228209214,0,0,0,0,0,1,0,3,0,0,-3
60,1449228209222,2,0,0,0,0,0,3,-4,-5,-1,1
61,1449228209222,2,0,0,0,1,0,-2,0,0,1,2
62,1449228209222,3,0,0,3,-5,-3,4,3,-1,-1,3
63,1449228209222,3,0,0,-1,0,3,1,-2,-3,-2,-2
64,1449228209262,0,0,0,-2,-1,-2,-1,0,-2,-1,0
65,1449228209262,0,0,0,-1,1,-3,-1,-4,-3,-3,-2
66,1449228209263,1,0,0,1,2,0,-5,-3,-2,-1,-1
67,1449228209263,1,0,0,-1,1,-4,3,1,0,1,2
68,1449228209264,3,0,0,-3,-1,-2,-2,-2,-2,-3,-4
69,1449228209264,3,0,0,1,1,0,1,1,2,0,0
70,1449228209265,0,0,0,-1,1,0,4,1,0,-2,-2
71,1449228209265,0,0,0,3,-3,-5,1,-1,-1,0,1
72,1449228209311,1,0,0,-6,-3,-1,-2,-4,-1,0,-1
73,1449228209311,1,0,0,2,-3,-1,0,-1,-2,-1,3
74,1449228209312,2,0,0,-2,-2,-4,-5,-5,-1,0,-1
75,1449228209312,2,0,0,0,-1,2,0,0,-1,-4,-1
76,1449228209312,0,0,0,0,1,-1,-1,-1,-1,0,-2
77,1449228209312,0,0,0,-4,-1,-3,1,0,-2,0,-1
78,1449228209314,1,0,0,-1,-2,1,-1,-2,0,0,-1
79,1449228209314,1,0,0,-1,0,-2,0,0,-2,-3,-2
80,1449228209360,2,0,0,-1,-1,-2,-1,-1,-1,-1,-2
81,1449228209360,2,0,0,-1,1,3,-1,1,2,-1,-2
82,1449228209360,3,0,0,2,0,-2,-3,-1,0,-2,0
83,1449228209360,3,0,0,0,-3,-3,1,0,-1,-1,1
84,1449228209361,1,0,0,-2,0,-2,-2,0,-2,0,-2
85,1449228209361,1,0,0,-1,-1,0,-7,-4,-1,-2,-2
86,1449228209362,2,0,0,-1,0,0,4,1,1,-1,1
87,1449228209362,2,0,0,-6,-2,-5,-4,0,2,2,-2
88,1449228209409,3,0,0,1,1,0,0,0,-1,-1,-1
89,1449228209409,3,0,0,-3,-2,-1,1,1,0,2,-1
90,1449228209409,0,0,0,-1,0,0,-1,-2,-2,-1,0
91,1449228209409,0,0,0,0,-1,-2,0,-5,-3,0,0
92,1449228209410,2,0,0,-1,0,0,1,1,2,0,1
93,1449228209410,2,0,0,-2,-1,3,-1,0,1,-2,-3
94,1449228209411,3,0,0,-2,1,-2,-3,-3,-6,-1,-1
95,1449228209411,3,0,0,2,1,4,4,1,-1,0,0
96,1449228209457,0,0,0,-2,-2,-6,-8,0,0,1,2
97,1449228209457,0,0,0,4,3,3,4,4,2,-1,-2
98,1449228209458,1,0,0,-7,-3,-2,1,1,2,0,-2
99,1449228209458,1,0,0,-1,1,-3,-2,-5,-3,-1,-2
100,1449228209459,2,0,0,-4,-2,-3,-5,-4,-4,-4,-2
101,1449228209459,2,0,0,-3,-1,-1,1,-3,-4,0,-2
102,1449228209460,3,0,0,1,-5,-6,0,1,1,1,1
103,1449228209460,3,0,0,-1,1,1,1,-4,-1,-2,-1
104,1449228209506,0,0,0,1,1,2,-1,0,-2,-1,0
105,1449228209506,0,0,0,-1,-3,2,6,5,6,-2,-5
106,1449228209507,1,0,0,7,3,-5,3,3,-3,3,4
107,1449228209507,1,0,0,-3,-1,10,-4,0,0,-2,-1
108,1449228209507,3,0,0,-6,-2,10,1,1,-2,1,-3
109,1449228209507,3,0,0,-1,-6,-21,-8,-3,-1,1,0
110,1449228209509,0,0,0,0,3,8,5,1,-1,-6,-4
111,1449228209509,0,0,0,2,-2,-9,-9,-4,-2,5,-1
112,1449228209555,1,0,0,3,5,15,4,4,3,-1,2
113,1449228209555,1,0,0,-3,-2,-2,-1,0,-1,-2,-6
114,1449228209555,2,0,0,-3,-2,-1,-1,-2,-2,1,0
115,1449228209555,2,0,0,0,-3,-3,-2,-4,-3,-3,-2
116,1449228209556,0,0,0,0,1,8,1,0,-3,-5,1
117,1449228209556,0,0,0,-2,-7,-8,-2,-1,-5,-1,-1
118,1449228209604,1,0,0,2,-2,-7,-6,-4,0,-2,-1
119,1449228209604,1,0,0,-1,1,8,4,2,-1,-1,1
120,1449228209604,2,0,0,-3,-3,-21,-7,-1,0,-3,-2
121,1449228209604,2,0,0,-3,-4,-32,-7,-6,-3,-1,0
122,1449228209605,3,0,0,0,2,12,4,0,2,-1,-2
123,1449228209605,3,0,0,-4,-1,-3,-3,-3,-3,-1,0
124,1449228209606,1,0,0,0,1,-1,3,0,2,-1,2
125,1449228209606,1,0,0,6,1,1,-7,-3,-5,-4,-2
126,1449228209652,2,0,0,-4,0,1,5,-5,-3,-1,-1
127,1449228209652,2,0,0,-3,-4,12,0,0,2,1,0
128,1449228209653,3,0,0,2,-1,-5,-3,-2,2,0,0
129,1449228209653,3,0,0,-3,4,8,6,5,3,-1,0
130,1449228209654,0,0,0,1,-6,-24,-4,2,-5,-1,0
131,1449228209654,0,0,0,3,1,9,0,-3,0,1,0
132,1449228209655,2,0,0,0,5,17,8,5,5,0,0
133,1449228209655,2,0,0,-5,-7,-24,-8,-5,-4,-1,-1
134,1449228209701,3,0,0,1,-1,7,-5,-6,-7,-5,-2
135,1449228209701,3,0,0,-1,2,14,4,2,3,1,0
136,1449228209702,0,0,0,-3,-4,-16,-6,-6,-3,-4,-6
137,1449228209702,0,0,0,2,3,22,8,6,2,4,-1
138,1449228209702,3,0,0,-7,-8,-16,-2,-6,2,1,-4
139,1449228209702,3,0,0,-1,0,-9,3,5,5,-3,0
140,1449228209704,0,0,0,3,0,7,-4,-3,1,2,3
141,1449228209704,0,0,0,5,6,10,7,3,-1,-3,1
142,1449228209750,1,0,0,-5,-5,-3,-1,-4,-6,-2,-3
143,1449228209750,1,0,0,0,-6,13,-6,-7,0,-6,-2
144,1449228209750,2,0,0,2,1,-14,1,1,2,1,2
145,1449228209750,2,0,0,1,0,1,-3,0,-4,1,2
146,1449228209751,0,0,0,-5,0,3,-3,-4,-5,-4,-4
147,1449228209751,0,0,0,1,0,12,4,4,6,-1,0
148,1449228209752,1,0,0,3,-3,-10,-2,-5,-13,1,-1
149,1449228209752,1,0,0,-1,0,-18,-6,3,-1,0,-3
150,1449228209799,2,0,0,0,-11,-31,-7,-3,2,1,0
151,1449228209799,2,0,0,-8,2,0,0,-1,0,-1,-1
152,1449228209799,3,0,0,-7,0,-7,-4,-3,-1,2,-4
153,1449228209799,3,0,0,2,2,3,-1,-2,-3,-1,1
154,1449228209800,0,0,0,0,3,3,3,-1,-5,-1,0
155,1449228209800,0,0,0,2,5,13,3,-2,11,-2,1
156,1449228209801,1,0,0,-3,-7,-42,-10,-3,-11,0,-3
157,1449228209801,1,0,0,-1,-2,15,6,3,-1,-10,1
158,1449228209847,2,0,0,14,1,17,4,-2,0,2,3
159,1449228209847,2,0,0,-13,-2,16,0,0,6,0,-6
160,1449228209848,3,0,0,-2,-2,-30,-8,-1,1,-3,-1
161,1449228209848,3,0,0,2,0,-2,1,-1,-3,13,5
162,1449228209849,1,0,0,-3,1,-3,-2,-5,0,-3,-3
163,1449228209849,1,0,0,-2,-2,10,1,0,1,2,0
164,1449228209850,2,0,0,-2,-5,0,-2,-2,1,4,1
165,1449228209850,2,0,0,-2,-1,-10,-2,-2,-4,3,2
166,1449228209896,3,0,0,3,4,28,12,9,6,5,11
167,1449228209896,3,0,0,-1,-2,-21,-8,-5,-3,0,-4
168,1449228209897,0,0,0,-5,7,24,9,5,-7,8,-1
169,1449228209897,0,0,0,10,-4,-22,-3,-4,7,-4,17
170,1449228209897,2,0,0,1,-6,-37,-12,-2,-6,0,1
171,1449228209897,2,0,0,-3,5,36,5,4,1,5,0
172,1449228209899,3,0,0,3,-9,-51,-18,-10,-2,-6,-2
173,1449228209899,3,0,0,1,6,20,13,6,-3,-26,-6
174,1449228209945,0,0,0,-2,-9,-11,-5,-3,4,0,-3
175,1449228209945,0,0,0,0,8,-10,-8,-6,-8,-2,-10
176,1449228209945,1,0,0,2,1,6,4,1,6,0,10
177,1449228209945,1,0,0,-1,-4,-29,-9,-5,-10,4,-5
178,1449228209946,3,0,0,-5,-7,-1,0,-3,1,-3,-2
179,1449228209946,3,0,0,0,-4,13,1,3,5,8,7
180,1449228209947,0,0,0,2,1,-43,-10,-6,0,-7,-4
181,1449228209947,0,0,0,-3,-11,-2,-3,-3,-6,0,-4
182,1449228209994,1,0,0,-11,3,15,7,3,4,-1,-7
183,1449228209994,1,0,0,-7,-1,5,0,-3,-6,-8,-4
184,1449228209994,2,0,0,-6,2,12,3,1,-1,-1,-2
185,1449228209994,2,0,0,1,6,14,11,7,-8,0,-4
186,1449228209995,0,0,0,-4,1,15,3,-1,2,-4,-3
187,1449228209995,0,0,0,3,-10,-56,-18,-9,-2,-5,-1
188,1449228209996,1,0,0,-8,6,31,10,7,5,0,-4
189,1449228209996,1,0,0,2,3,-9,-2,-4,0,0,1
190,1449228210042,2,0,0,3,2,36,11,2,2,0,3
191,1449228210042,2,0,0,-6,-10,-19,-12,-2,-1,-2,-3
192,1449228210043,3,0,0,4,5,10,1,3,2,-2,1
193,1449228210043,3,0,0,-3,-7,-24,-5,-4,-6,-2,-4
194,1449228210044,1,0,0,3,6,14,3,2,2,-5,-2
195,1449228210044,1,0,0,0,1,-8,1,2,0,-1,0
196,1449228210045,2,0,0,-7,2,26,10,3,-1,0,-1
197,1449228210045,2,0,0,-7,-3,-8,-4,-2,-3,1,-4
198,1449228210091,3,0,0,3,5,13,1,1,-2,-2,2
199,1449228210091,3,0,0,-1,-2,7,2,0,0,3,-2
200,1449228210092,0,0,0,5,1,3,1,-1,6,3,2
201,1449228210092,0,0,0,3,-3,23,4,1,-11,-8,-5
202,1449228210092,2,0,0,3,0,2,1,1,-4,-1,-4
203,1449228210092,2,0,0,2,4,13,2,0,2,-8,-2
204,1449228210094,3,0,0,-6,-5,-1,3,2,-1,4,1
205,1449228210094,3,0,0,-4,0,-3,-3,0,-1,0,1
206,1449228210140,0,0,0,3,-9,-19,-6,-3,4,2,-1
207,1449228210140,0,0,0,4,0,25,2,1,-2,-1,1
208,1449228210140,1,0,0,1,-2,-9,-6,-6,-3,-3,-5
209,1449228210140,1,0,0,-3,3,-2,2,3,-10,-1,0
210,1449228210141,3,0,0,-2,-1,-14,-2,0,2,-3,-4
211,1449228210141,3,0,0,3,4,7,2,-1,0,-2,0
212,1449228210142,0,0,0,0,1,-1,-2,2,-1,-2,3
213,1449228210142,0,0,0,-2,-3,9,9,5,-1,1,0
214,1449228210189,1,0,0,0,-4,-9,-6,-7,2,1,-1
215,1449228210189,1,0,0,2,0,21,3,0,-5,3,4
216,1449228210189,2,0,0,0,5,-3,-1,-1,-4,-11,-1
217,1449228210189,2,0,0,-13,-2,-6,-3,-4,6,4,-1
218,1449228210190,3,0,0,3,2,7,-1,0,0,0,0
219,1449228210190,3,0,0,1,-2,-5,0,-1,1,2,-1
220,1449228210191,0,0,0,0,-1,3,-1,-1,1,3,-1
221,1449228210191,0,0,0,-1,0,7,1,-2,-1,0,3
222,1449228210237,1,0,0,2,0,4,0,0,-13,-5,-2
223,1449228210237,1,0,0,1,-4,-30,-10,-5,4,2,-2
224,1449228210238,2,0,0,3,-2,10,1,1,-8,-5,0
225,1449228210238,2,0,0,-1,2,2,3,-2,0,-1,-3
226,1449228210239,0,0,0,-15,-4,-13,-2,-1,-1,2,-2
227,1449228210239,0,0,0,1,0,-11,-9,-5,0,-3,-1
228,1449228210240,1,0,0,-4,1,12,2,-1,-2,-1,0
229,1449228210240,1,0,0,-4,-2,5,0,-2,7,-6,-5
230,1449228210286,2,0,0,-5,-8,-25,-5,-4,-9,1,1
231,1449228210286,2,0,0,-1,-1,12,5,6,2,2,-1
232,1449228210287,3,0,0,-2,0,-14,0,1,4,1,0
233,1449228210287,3,0,0,-6,-3,0,-2,-5,-3,0,-3
234,1449228210287,1,0,0,2,1,7,2,2,-1,0,2
235,1449228210287,1,0,0,-1,-7,-2,-4,-2,-2,2,0
236,1449228210289,2,0,0,3,-4,-27,-10,-3,0,-6,-2
237,1449228210289,2,0,0,0,4,-9,1,0,-5,2,2
238,1449228210335,3,0,0,8,-4,14,1,-2,2,2,0
239,1449228210335,3,0,0,0,-3,-12,-6,-2,-5,-4,0
240,1449228210335,0,0,0,-4,-2,6,2,-1,0,-4,-1
241,1449228210335,0,0,0,2,-2,7,1,2,4,4,2
242,1449228210336,2,0,0,-1,-6,23,7,-1,2,-1,-2
243,1449228210336,2,0,0,1,2,-12,-1,2,-3,1,-1
244,1449228210337,3,0,0,-7,1,-2,-4,-2,-5,2,-1
245,1449228210337,3,0,0,8,-6,8,-1,-3,-4,-4,-2
246,1449228210384,0,0,0,-3,3,-17,-6,-3,3,-2,-2
247,1449228210384,0,0,0,1,-2,5,2,-2,-3,-3,-1
248,1449228210432,1,0,0,-2,-4,3,-1,-3,-4,-1,-2
249,1449228210432,1,0,0,1,-3,-5,-2,2,0,0,4
250,1449228210433,3,0,0,4,6,-3,-5,-1,3,1,1
251,1449228210433,3,0,0,-6,3,11,3,3,3,0,-1
252,1449228210434,0,0,0,2,-3,1,3,0,-4,5,2
253,1449228210434,0,0,0,-7,-4,5,-2,-2,-1,-6,-2
254,1449228210435,1,0,0,3,5,10,2,-1,-2,3,3
255,1449228210435,1,0,0,-17,4,3,2,0,-2,-6,-7
256,1449228210481,2,0,0,6,7,22,3,0,1,-4,0
257,1449228210481,2,0,0,1,-7,-29,-13,-6,-4,1,1
258,1449228210482,0,0,0,0,-1,6,-5,0,7,-3,3
259,1449228210482,0,0,0,-3,3,15,3,-3,-13,-7,-5
260,1449228210482,1,0,0,-2,-4,-11,-3,1,2,-3,-1
261,1449228210482,1,0,0,8,-5,-4,-2,-1,-4,7,6
262,1449228210484,1,0,0,5,1,13,7,-1,-5,-2,3
263,1449228210484,1,0,0,0,-5,-45,-17,-7,1,0,3
264,1449228210530,2,0,0,0,-1,1,3,-2,-1,3,-4
265,1449228210530,2,0,0,-3,6,9,1,-1,1,-2,0
266,1449228210530,3,0,0,-6,-1,-2,-3,-4,-2,-4,-4
267,1449228210530,3,0,0,-4,-7,-3,5,1,5,4,0
268,1449228210531,1,0,0,-5,-5,0,1,1,1,1,0
269,1449228210531,1,0,0,0,4,9,-5,-2,-2,-5,-4
270,1449228210532,2,0,0,-7,0,3,3,2,1,3,5
271,1449228210532,2,0,0,5,-7,8,0,-1,-2,-4,2
272,1449228210579,3,0,0,-9,0,-21,-8,-3,-1,0,-1
273,1449228210579,3,0,0,-4,1,3,5,2,-1,1,1
274,1449228210579,0,0,0,0,0,9,-1,-4,1,-2,1
275,1449228210579,0,0,0,1,1,-4,4,5,3,6,2
276,1449228210580,2,0,0,3,2,5,-3,-3,-3,2,0
277,1449228210580,2,0,0,2,-11,-11,-2,-1,1,1,4
278,1449228210581,3,0,0,5,2,-6,-5,-2,-4,-3,-3
279,1449228210581,3,0,0,-1,-5,14,6,0,-1,-1,2
280,1449228210627,0,0,0,3,-5,-12,-5,0,0,-3,-4
281,1449228210627,0,0,0,15,-3,-16,-9,-4,-1,-4,1
282,1449228210628,1,0,0,-6,0,20,8,4,1,6,3
283,1449228210628,1,0,0,1,-7,-36,-13,-3,-5,1,-1
284,1449228210629,3,0,0,-1,4,6,1,0,-1,-3,-1
285,1449228210629,3,0,0,1,-7,-13,-6,-4,-1,0,-4
286,1449228210630,0,0,0,1,3,13,11,5,2,5,4
287,1449228210630,0,0,0,-10,-1,-18,-5,-3,0,-7,-5
288,1449228210676,1,0,0,0,-3,4,-1,-1,5,8,2
289,1449228210676,1,0,0,-9,5,-3,2,-1,-4,-4,-4
290,1449228210677,2,0,0,-5,-2,-5,-4,-2,6,4,0
291,1449228210677,2,0,0,-6,6,15,3,-2,-6,0,0
292,1449228210677,0,0,0,3,1,0,0,-3,-3,-1,3
293,1449228210677,0,0,0,-12,3,4,-1,-1,2,3,-2
294,1449228210679,1,0,0,4,-2,-19,-3,-1,-4,-5,0
295,1449228210679,1,0,0,-5,-6,20,6,4,2,5,-2
296,1449228210725,2,0,0,-3,-2,-14,-8,-5,-5,-10,-5
297,1449228210725,2,0,0,6,3,7,1,0,-4,8,0
298,1449228210725,3,0,0,0,2,7,-2,-4,-4,-9,-3
299,1449228210725,3,0,0,1,8,16,9,3,6,3,2
300,1449228210726,1,0,0,3,-4,4,0,-3,0,3,2
301,1449228210726,1,0,0,0,2,-8,-6,-4,-2,-2,-2
302,1449228210727,2,0,0,-3,-1,9,7,3,-3,-8,-5
303,1449228210727,2,0,0,-2,0,-4,-3,-2,-1,0,-4
304,1449228210774,3,0,0,-3,0,6,-2,-1,-4,-2,-2
305,1449228210774,3,0,0,-2,0,2,4,0,-5,-2,0
306,1449228210774,0,0,0,-3,-7,-26,-10,-4,-4,0,1
307,1449228210774,0,0,0,-2,-4,3,5,1,2,-1,-2
308,1449228210775,2,0,0,-8,4,-19,-7,-4,-3,-8,0
309,1449228210775,2,0,0,4,0,3,1,5,3,4,0
310,1449228210776,3,0,0,-10,-8,-9,-3,-4,-2,-2,-4
311,1449228210776,3,0,0,5,2,18,3,3,1,3,1
312,1449228210822,0,0,0,-2,-3,-2,1,-2,-1,2,-1
313,1449228210822,0,0,0,-3,-2,-10,-2,1,2,-2,-1
314,1449228210823,1,0,0,3,-1,8,1,2,8,0,0
315,1449228210823,1,0,0,-4,0,-13,-4,-3,-10,-2,0
316,1449228210824,3,0,0,1,2,-9,-5,0,4,1,2
317,1449228210824,3,0,0,1,-2,7,5,-1,3,-2,0
318,1449228210825,0,0,0,-1,4,8,5,4,1,5,5
319,1449228210825,0,0,0,-1,2,-14,-6,-3,-3,3,-9
320,1449228210871,1,0,0,-13,3,7,4,-1,-1,1,0
321,1449228210871,1,0,0,-7,4,9,-1,-1,-4,-14,-9
322,1449228210872,2,0,0,3,-3,11,3,3,0,5,2
323,1449228210872,2,0,0,-13,6,5,-2,-4,0,-1,-1
324,1449228210872,3,0,0,3,0,2,4,-2,-4,-1,-3
325,1449228210872,3,0,0,-7,-4,-43,-13,-2,0,0,-6
326,1449228210874,0,0,0,0,-2,20,6,3,-1,-5,0
327,1449228210874,0,0,0,5,-3,2,-2,-5,-1,-1,0
328,1449228210920,1,0,0,2,7,-15,2,4,-3,-3,-2
329,1449228210920,1,0,0,-1,0,18,5,0,0,3,5
330,1449228210920,2,0,0,-7,7,5,0,1,0,-5,-6
331,1449228210920,2,0,0,5,-8,-7,-2,-2,0,2,2
332,1449228210921,0,0,0,-10,-5,-29,-15,-11,-5,-3,-4
333,1449228210921,0,0,0,1,9,13,7,3,3,4,5
334,1449228210922,1,0,0,0,-10,0,-4,0,-4,-12,-2
335,1449228210922,1,0,0,-2,2,0,2,-4,0,0,-1
